-0.250 0.238 0.062
-0.176 0.030 0.180
-0.179 0.030 0.248
-0.243 0.226 0.084
-0.240 0.209 0.114
-0.193 0.021 0.217
-0.249 0.235 0.063
-0.229 0.216 0.122
-0.231 0.218 0.123
-0.236 0.236 0.070
0.345 0.383 -0.343
-0.234 0.218 0.145
-0.241 0.228 0.138
-0.230 0.250 0.081
-0.236 0.237 0.055
-0.239 0.206 0.145
-0.228 0.227 0.114
-0.233 0.209 0.129
-0.251 0.212 0.121
-0.234 0.218 0.120
-0.246 0.223 0.093
-0.240 0.225 0.119
-0.235 0.215 0.090
-0.032 0.291 -0.337
-0.241 0.226 0.095
-0.237 0.220 0.145
-0.224 0.218 0.132
-0.230 0.214 0.154
-0.245 0.212 0.109
-0.249 0.240 0.059
-0.249 0.241 -0.011
-0.245 0.248 0.052
-0.240 0.264 -0.210
-0.230 0.252 0.006
-0.239 0.215 0.139
-0.232 0.209 0.198
-0.232 0.244 0.065
-0.248 0.244 0.079
-0.244 0.214 0.123
-0.267 0.242 0.067
-0.301 0.293 0.046
-0.225 0.079 0.164
-0.228 0.079 0.233
-0.291 0.286 0.068
-0.289 0.269 0.099
-0.242 0.081 0.201
-0.297 0.294 0.047
-0.278 0.275 0.107
-0.280 0.278 0.107
-0.284 0.296 0.054
0.296 0.443 -0.359
-0.282 0.277 0.129
-0.290 0.288 0.122
-0.279 0.310 0.065
-0.285 0.297 0.039
-0.287 0.265 0.129
-0.276 0.286 0.098
-0.282 0.269 0.113
-0.299 0.272 0.105
-0.282 0.278 0.104
-0.294 0.282 0.077
-0.289 0.285 0.104
-0.284 0.275 0.074
-0.081 0.351 -0.352
-0.290 0.286 0.080
-0.286 0.279 0.129
-0.273 0.277 0.116
-0.278 0.274 0.138
-0.294 0.271 0.093
-0.297 0.300 0.043
-0.298 0.301 -0.027
-0.294 0.308 0.036
-0.289 0.324 -0.226
-0.279 0.311 -0.010
-0.285 0.276 0.123
-0.280 0.269 0.183
-0.280 0.301 0.050
-0.296 0.304 0.064
-0.293 0.273 0.108
-0.316 0.301 0.052
