-0.295 0.081 0.167
-0.222 -0.131 0.285
-0.225 -0.132 0.353
-0.288 0.071 0.184
-0.284 0.050 0.218
-0.239 -0.130 0.322
-0.285 0.082 0.166
-0.277 0.047 0.226
-0.277 0.051 0.228
-0.280 0.080 0.173
0.311 0.256 -0.253
-0.280 0.051 0.250
-0.287 0.069 0.242
-0.276 0.093 0.186
-0.281 0.081 0.159
-0.284 0.042 0.249
-0.268 0.039 0.211
-0.277 0.051 0.234
-0.296 0.055 0.225
-0.279 0.061 0.225
-0.284 0.065 0.195
-0.286 0.068 0.224
-0.281 0.058 0.195
-0.079 0.181 -0.256
-0.287 0.069 0.200
-0.283 0.063 0.250
-0.270 0.061 0.237
-0.275 0.057 0.259
-0.291 0.055 0.214
-0.294 0.085 0.163
-0.298 0.094 0.094
-0.291 0.091 0.156
-0.286 0.107 -0.106
-0.276 0.095 0.111
-0.282 0.051 0.244
-0.277 0.051 0.303
-0.278 0.087 0.170
-0.294 0.087 0.183
-0.284 0.052 0.227
-0.313 0.085 0.172
-0.292 0.230 0.081
-0.219 0.017 0.201
-0.221 0.017 0.269
-0.284 0.219 0.100
-0.281 0.198 0.134
-0.236 0.019 0.237
-0.282 0.231 0.082
-0.273 0.196 0.142
-0.274 0.200 0.144
-0.277 0.229 0.088
0.315 0.405 -0.337
-0.276 0.199 0.166
-0.283 0.217 0.158
-0.272 0.242 0.102
-0.278 0.230 0.074
-0.280 0.191 0.165
-0.264 0.187 0.127
-0.274 0.199 0.150
-0.293 0.204 0.141
-0.276 0.210 0.141
-0.280 0.213 0.111
-0.282 0.217 0.140
-0.277 0.207 0.111
-0.076 0.330 -0.341
-0.283 0.218 0.116
-0.279 0.212 0.165
-0.266 0.210 0.152
-0.272 0.206 0.175
-0.287 0.203 0.130
-0.291 0.234 0.079
-0.294 0.242 0.010
-0.287 0.240 0.072
-0.282 0.256 -0.190
-0.273 0.244 0.027
-0.278 0.209 0.160
-0.273 0.201 0.219
-0.274 0.236 0.086
-0.290 0.237 0.100
-0.281 0.201 0.143
-0.309 0.234 0.088
