-0.252 0.174 0.145
-0.175 -0.035 0.258
-0.181 -0.044 0.320
-0.244 0.165 0.167
-0.240 0.145 0.197
-0.203 -0.032 0.295
-0.239 0.173 0.146
-0.231 0.149 0.205
-0.233 0.154 0.206
-0.234 0.173 0.153
0.332 0.293 -0.257
-0.235 0.153 0.228
-0.243 0.167 0.221
-0.232 0.186 0.164
-0.236 0.172 0.138
-0.240 0.142 0.228
-0.230 0.164 0.197
-0.231 0.155 0.212
-0.252 0.148 0.203
-0.235 0.154 0.203
-0.239 0.159 0.176
-0.242 0.161 0.202
-0.237 0.151 0.173
-0.034 0.227 -0.260
-0.243 0.162 0.178
-0.239 0.156 0.228
-0.226 0.154 0.215
-0.232 0.150 0.237
-0.247 0.148 0.192
-0.250 0.176 0.142
-0.251 0.177 0.072
-0.247 0.180 0.135
-0.094 -0.215 -0.001
-0.230 0.187 0.089
-0.238 0.153 0.222
-0.233 0.145 0.281
-0.233 0.178 0.148
-0.249 0.181 0.162
-0.240 0.150 0.206
-0.269 0.178 0.150
-0.257 0.259 0.055
-0.180 0.052 0.168
-0.186 0.043 0.230
-0.249 0.252 0.076
-0.245 0.232 0.107
-0.208 0.055 0.205
-0.244 0.259 0.055
-0.236 0.236 0.115
-0.238 0.240 0.115
-0.239 0.260 0.062
0.327 0.380 -0.347
-0.241 0.240 0.137
-0.248 0.253 0.130
-0.237 0.273 0.073
-0.241 0.259 0.048
-0.245 0.229 0.137
-0.235 0.250 0.106
-0.236 0.242 0.121
-0.257 0.235 0.113
-0.240 0.241 0.112
-0.244 0.246 0.085
-0.247 0.248 0.112
-0.242 0.238 0.082
-0.039 0.314 -0.350
-0.248 0.249 0.088
-0.244 0.243 0.137
-0.231 0.241 0.124
-0.237 0.237 0.146
-0.252 0.234 0.101
-0.255 0.263 0.051
-0.256 0.264 -0.019
-0.252 0.267 0.044
-0.099 -0.128 -0.091
-0.236 0.274 -0.002
-0.243 0.240 0.131
-0.238 0.232 0.191
-0.238 0.264 0.058
-0.255 0.267 0.072
-0.245 0.237 0.116
-0.274 0.265 0.060
