-0.297 0.183 0.128
-0.223 -0.021 0.246
-0.226 -0.023 0.314
-0.289 0.174 0.150
-0.285 0.156 0.181
-0.240 -0.020 0.283
-0.285 0.186 0.129
-0.277 0.160 0.188
-0.278 0.163 0.189
-0.280 0.183 0.136
0.287 0.303 -0.272
-0.281 0.163 0.211
-0.288 0.176 0.204
-0.277 0.195 0.147
-0.282 0.183 0.121
-0.285 0.153 0.211
-0.276 0.174 0.180
-0.277 0.165 0.195
-0.297 0.157 0.187
-0.280 0.163 0.186
-0.284 0.169 0.159
-0.287 0.170 0.185
-0.282 0.160 0.156
-0.079 0.236 -0.275
-0.288 0.171 0.161
-0.284 0.165 0.211
-0.271 0.163 0.198
-0.277 0.159 0.220
-0.293 0.157 0.175
-0.295 0.189 0.125
-0.299 0.199 0.055
-0.292 0.196 0.118
-0.106 -0.300 0.024
-0.277 0.198 0.072
-0.283 0.162 0.205
-0.278 0.154 0.264
-0.278 0.190 0.131
-0.295 0.190 0.145
-0.285 0.159 0.189
-0.314 0.187 0.133
-0.293 0.286 0.048
-0.220 0.082 0.166
-0.223 0.080 0.234
-0.286 0.277 0.069
-0.282 0.259 0.100
-0.237 0.082 0.203
-0.282 0.288 0.049
-0.274 0.262 0.108
-0.275 0.266 0.109
-0.277 0.285 0.056
0.291 0.405 -0.352
-0.277 0.265 0.131
-0.285 0.278 0.124
-0.274 0.298 0.067
-0.278 0.286 0.041
-0.282 0.255 0.131
-0.273 0.276 0.099
-0.274 0.267 0.115
-0.294 0.260 0.106
-0.277 0.266 0.106
-0.281 0.271 0.079
-0.284 0.273 0.105
-0.279 0.263 0.076
-0.076 0.339 -0.355
-0.285 0.274 0.081
-0.281 0.267 0.131
-0.268 0.265 0.118
-0.273 0.262 0.140
-0.290 0.260 0.095
-0.292 0.291 0.045
-0.295 0.301 -0.025
-0.289 0.298 0.037
-0.103 -0.197 -0.056
-0.274 0.300 -0.008
-0.280 0.264 0.125
-0.275 0.257 0.184
-0.275 0.292 0.051
-0.291 0.292 0.065
-0.282 0.262 0.109
-0.311 0.290 0.053
