-0.270 0.022 0.015
-0.197 -0.181 0.133
-0.199 -0.184 0.201
-0.262 0.014 0.036
-0.258 -0.004 0.067
-0.213 -0.180 0.169
-0.257 0.023 0.016
-0.249 -0.001 0.075
-0.251 0.003 0.076
-0.252 0.022 0.022
0.314 0.142 -0.380
-0.254 0.003 0.097
-0.261 0.016 0.090
-0.250 0.034 0.034
-0.081 -0.429 0.015
-0.259 -0.007 0.097
-0.248 0.013 0.066
-0.250 0.004 0.082
-0.271 -0.003 0.073
-0.254 0.003 0.073
-0.257 0.008 0.046
-0.260 0.010 0.072
-0.255 0.000 0.043
-0.052 0.076 -0.384
-0.261 0.011 0.048
-0.257 0.004 0.097
-0.246 0.003 0.084
-0.250 -0.001 0.106
-0.265 -0.003 0.061
-0.269 0.026 0.011
-0.272 0.034 -0.058
-0.265 0.031 0.004
-0.076 -0.469 -0.038
-0.249 0.036 -0.041
-0.256 0.002 0.091
-0.251 -0.006 0.151
-0.251 0.028 0.018
-0.268 0.030 0.032
-0.259 -0.001 0.076
-0.287 0.027 0.020
-0.272 0.194 0.014
-0.198 -0.009 0.131
-0.201 -0.012 0.200
-0.264 0.186 0.035
-0.260 0.169 0.066
-0.215 -0.008 0.168
-0.259 0.195 0.014
-0.251 0.171 0.074
-0.253 0.175 0.075
-0.254 0.195 0.021
0.312 0.315 -0.382
-0.255 0.175 0.096
-0.263 0.188 0.089
-0.252 0.207 0.032
-0.083 -0.257 0.014
-0.260 0.166 0.096
-0.250 0.185 0.065
-0.251 0.177 0.080
-0.272 0.169 0.072
-0.255 0.176 0.071
-0.259 0.181 0.044
-0.262 0.183 0.071
-0.257 0.172 0.041
-0.054 0.249 -0.385
-0.263 0.183 0.047
-0.259 0.177 0.096
-0.248 0.175 0.083
-0.252 0.172 0.105
-0.267 0.170 0.060
-0.270 0.198 0.010
-0.274 0.206 -0.059
-0.267 0.204 0.003
-0.078 -0.297 -0.040
-0.250 0.209 -0.043
-0.258 0.174 0.090
-0.253 0.166 0.150
-0.253 0.200 0.017
-0.269 0.202 0.031
-0.260 0.171 0.075
-0.289 0.199 0.019
