-0.276 0.104 0.132
-0.202 -0.104 0.250
-0.205 -0.104 0.318
-0.268 0.095 0.153
-0.264 0.076 0.184
-0.219 -0.109 0.286
-0.263 0.105 0.133
-0.255 0.082 0.192
-0.257 0.084 0.193
-0.258 0.103 0.139
0.308 0.223 -0.265
-0.259 0.084 0.215
-0.267 0.097 0.208
-0.256 0.116 0.151
-0.260 0.104 0.125
-0.264 0.072 0.215
-0.253 0.094 0.183
-0.255 0.085 0.199
-0.276 0.078 0.190
-0.259 0.084 0.190
-0.263 0.089 0.163
-0.266 0.091 0.189
-0.261 0.081 0.160
-0.060 0.204 -0.292
-0.267 0.092 0.165
-0.263 0.086 0.214
-0.250 0.084 0.201
-0.255 0.080 0.223
-0.271 0.078 0.178
-0.274 0.108 0.128
-0.278 0.116 0.059
-0.271 0.114 0.121
-0.265 0.130 -0.141
-0.255 0.117 0.076
-0.262 0.083 0.208
-0.257 0.075 0.268
-0.257 0.110 0.135
-0.273 0.111 0.149
-0.264 0.080 0.193
-0.293 0.108 0.137
-0.276 0.257 0.065
-0.202 0.044 0.182
-0.205 0.043 0.251
-0.268 0.248 0.086
-0.264 0.229 0.117
-0.219 0.045 0.219
-0.263 0.258 0.065
-0.255 0.235 0.125
-0.257 0.237 0.126
-0.258 0.257 0.072
0.308 0.377 -0.332
-0.260 0.237 0.147
-0.267 0.250 0.140
-0.256 0.269 0.083
-0.260 0.257 0.058
-0.264 0.226 0.147
-0.253 0.247 0.116
-0.255 0.239 0.131
-0.276 0.231 0.123
-0.259 0.237 0.122
-0.263 0.243 0.096
-0.266 0.245 0.122
-0.261 0.234 0.092
-0.060 0.357 -0.359
-0.267 0.245 0.098
-0.263 0.239 0.147
-0.250 0.237 0.134
-0.255 0.234 0.156
-0.271 0.231 0.111
-0.275 0.261 0.061
-0.278 0.269 -0.008
-0.271 0.268 0.054
-0.265 0.283 -0.208
-0.255 0.271 0.008
-0.262 0.236 0.141
-0.257 0.228 0.201
-0.257 0.263 0.068
-0.274 0.264 0.082
-0.265 0.233 0.126
-0.293 0.261 0.070
