0.225 0.289 0.220
0.225 0.310 0.169
0.223 0.307 0.138
0.226 0.306 0.108
0.223 0.306 0.127
0.223 0.289 0.165
0.223 0.310 0.132
0.201 0.272 0.155
0.202 0.304 0.201
0.219 0.304 0.106
-0.324 0.252 0.194
0.234 0.311 0.154
0.239 0.309 0.123
0.246 0.315 0.119
0.254 0.297 0.133
-0.020 -0.394 0.030
0.250 0.312 0.132
0.269 0.289 0.220
0.269 0.310 0.169
0.266 0.307 0.138
0.270 0.306 0.108
0.267 0.306 0.127
0.266 0.289 0.165
0.266 0.310 0.132
0.245 0.272 0.155
0.245 0.304 0.201
0.263 0.304 0.106
-0.281 0.252 0.194
0.278 0.311 0.154
0.282 0.309 0.123
0.290 0.315 0.119
0.297 0.297 0.133
0.023 -0.394 0.030
0.294 0.312 0.132
