0.298 0.193 0.192
0.294 0.217 0.141
0.292 0.212 0.111
0.295 0.213 0.082
0.292 0.212 0.100
0.292 0.191 0.138
0.294 0.219 0.105
0.275 0.185 0.131
0.272 0.206 0.173
0.293 0.207 0.079
-0.277 0.159 0.171
0.301 0.214 0.127
0.306 0.211 0.096
0.313 0.216 0.092
0.321 0.219 0.101
0.045 -0.498 0.002
0.318 0.214 0.105
0.282 0.276 0.207
0.278 0.300 0.156
0.276 0.295 0.126
0.279 0.296 0.097
0.276 0.295 0.115
0.277 0.274 0.153
0.278 0.301 0.120
0.259 0.268 0.146
0.256 0.288 0.188
0.277 0.289 0.094
-0.283 0.242 0.185
0.285 0.297 0.142
0.290 0.294 0.111
0.297 0.299 0.107
0.305 0.288 0.118
0.031 -0.410 0.018
0.302 0.297 0.120
