0.258 0.073 0.197
0.279 0.100 0.146
0.248 0.095 0.115
0.247 0.072 0.082
0.250 0.084 0.102
0.252 0.071 0.142
0.255 0.097 0.108
0.234 0.065 0.134
0.217 0.053 0.170
0.255 0.087 0.083
-0.308 0.057 0.174
0.258 0.094 0.131
0.264 0.091 0.100
0.270 0.096 0.096
0.276 0.082 0.110
0.002 -0.618 0.005
0.272 0.094 0.109
0.258 0.243 0.198
0.267 0.270 0.146
0.247 0.265 0.115
0.247 0.242 0.082
0.250 0.254 0.102
0.252 0.242 0.142
0.255 0.267 0.108
0.234 0.235 0.134
0.217 0.223 0.171
0.254 0.257 0.083
-0.308 0.227 0.174
0.258 0.264 0.131
0.264 0.261 0.100
0.269 0.267 0.096
0.276 0.252 0.110
0.003 -0.443 0.007
0.272 0.264 0.109
