0.278 0.091 0.181
0.277 0.112 0.130
0.275 0.109 0.098
0.279 0.107 0.069
0.275 0.106 0.087
0.275 0.090 0.126
0.275 0.112 0.092
0.253 0.073 0.116
0.254 0.105 0.162
0.271 0.105 0.066
-0.245 0.114 0.155
0.286 0.110 0.115
0.293 0.111 0.084
0.299 0.116 0.080
0.301 0.118 0.090
0.032 -0.592 -0.009
0.303 0.110 0.092
0.263 0.246 0.191
0.263 0.267 0.140
0.260 0.264 0.109
0.264 0.262 0.079
0.260 0.261 0.097
0.260 0.245 0.136
0.260 0.267 0.103
0.238 0.228 0.126
0.239 0.260 0.172
0.257 0.260 0.077
-0.260 0.269 0.165
0.272 0.265 0.125
0.278 0.266 0.094
0.284 0.271 0.090
0.287 0.246 0.100
0.017 -0.438 0.001
0.288 0.269 0.103
