-0.242 0.303 0.049
-0.169 0.099 0.167
-0.172 0.097 0.235
-0.235 0.292 0.071
-0.231 0.275 0.101
-0.186 0.100 0.203
-0.230 0.305 0.044
-0.222 0.280 0.109
-0.224 0.283 0.110
-0.226 0.302 0.057
0.342 0.422 -0.346
-0.226 0.282 0.132
-0.234 0.294 0.125
-0.223 0.315 0.068
-0.228 0.303 0.042
-0.231 0.271 0.132
-0.220 0.294 0.100
-0.222 0.284 0.116
-0.243 0.277 0.107
-0.226 0.283 0.107
-0.233 0.287 0.082
-0.233 0.290 0.106
-0.228 0.280 0.077
-0.025 0.356 -0.350
-0.234 0.291 0.082
-0.229 0.285 0.131
-0.217 0.283 0.118
-0.222 0.279 0.140
-0.238 0.277 0.095
-0.241 0.308 0.046
-0.244 0.319 -0.024
-0.238 0.315 0.039
-0.233 0.329 -0.224
-0.221 0.317 -0.007
-0.229 0.281 0.126
-0.224 0.274 0.185
-0.225 0.309 0.052
-0.240 0.309 0.067
-0.231 0.279 0.111
-0.260 0.307 0.054
-0.312 0.303 0.044
-0.239 0.099 0.167
-0.242 0.097 0.235
-0.304 0.292 0.071
-0.301 0.275 0.101
-0.255 0.100 0.203
-0.299 0.305 0.044
-0.291 0.280 0.109
-0.293 0.283 0.110
-0.296 0.302 0.057
0.272 0.422 -0.346
-0.296 0.282 0.132
-0.304 0.294 0.125
-0.293 0.315 0.068
-0.298 0.303 0.042
-0.301 0.271 0.132
-0.289 0.294 0.100
-0.292 0.284 0.116
-0.313 0.277 0.107
-0.296 0.283 0.107
-0.302 0.287 0.082
-0.303 0.290 0.106
-0.298 0.280 0.077
-0.095 0.356 -0.350
-0.303 0.291 0.082
-0.299 0.285 0.131
-0.286 0.283 0.118
-0.292 0.279 0.140
-0.308 0.277 0.095
-0.311 0.308 0.046
-0.314 0.319 -0.024
-0.308 0.315 0.039
-0.303 0.329 -0.224
-0.291 0.317 -0.007
-0.298 0.281 0.126
-0.294 0.274 0.185
-0.294 0.307 0.052
-0.310 0.310 0.066
-0.301 0.279 0.111
-0.329 0.307 0.054
