-0.254 0.126 0.217
-0.181 -0.080 0.335
-0.184 -0.081 0.403
-0.246 0.114 0.238
-0.243 0.096 0.269
-0.197 -0.080 0.371
-0.242 0.119 0.218
-0.234 0.099 0.277
-0.235 0.103 0.278
-0.236 0.122 0.224
0.330 0.245 -0.182
-0.238 0.104 0.299
-0.246 0.116 0.292
-0.235 0.138 0.236
-0.239 0.125 0.209
-0.243 0.092 0.299
-0.231 0.114 0.268
-0.234 0.106 0.284
-0.255 0.100 0.275
-0.238 0.106 0.275
-0.241 0.108 0.248
-0.245 0.113 0.274
-0.240 0.103 0.245
-0.038 0.225 -0.206
-0.245 0.114 0.250
-0.241 0.107 0.299
-0.228 0.105 0.286
-0.234 0.102 0.308
-0.249 0.099 0.263
-0.253 0.128 0.213
-0.254 0.129 0.144
-0.250 0.136 0.206
-0.244 0.152 -0.056
-0.235 0.139 0.160
-0.241 0.103 0.293
-0.236 0.096 0.353
-0.236 0.132 0.219
-0.252 0.132 0.234
-0.243 0.101 0.278
-0.272 0.129 0.222
-0.260 0.231 0.114
-0.186 0.034 0.231
-0.189 0.033 0.300
-0.252 0.228 0.135
-0.248 0.210 0.166
-0.203 0.034 0.268
-0.247 0.233 0.114
-0.239 0.213 0.174
-0.241 0.217 0.175
-0.242 0.236 0.121
0.324 0.359 -0.285
-0.244 0.218 0.196
-0.251 0.229 0.189
-0.240 0.252 0.132
-0.244 0.239 0.106
-0.248 0.206 0.196
-0.237 0.228 0.165
-0.239 0.220 0.180
-0.260 0.214 0.172
-0.243 0.220 0.171
-0.247 0.222 0.145
-0.250 0.227 0.171
-0.245 0.217 0.141
-0.044 0.339 -0.309
-0.251 0.228 0.147
-0.247 0.221 0.196
-0.234 0.219 0.183
-0.239 0.216 0.205
-0.255 0.213 0.160
-0.258 0.242 0.110
-0.259 0.243 0.040
-0.255 0.250 0.103
-0.250 0.266 -0.159
-0.240 0.253 0.057
-0.246 0.218 0.190
-0.241 0.211 0.250
-0.241 0.243 0.117
-0.257 0.246 0.131
-0.248 0.215 0.175
-0.277 0.243 0.119
