-0.271 0.003 0.206
-0.197 -0.201 0.324
-0.200 -0.203 0.392
-0.263 -0.006 0.227
-0.259 -0.024 0.256
-0.214 -0.200 0.360
-0.258 0.005 0.207
-0.250 -0.020 0.266
-0.252 -0.017 0.267
-0.253 0.003 0.213
0.313 0.123 -0.200
-0.255 -0.017 0.288
-0.262 -0.004 0.281
-0.251 0.015 0.225
-0.255 0.003 0.199
-0.259 -0.028 0.288
-0.248 -0.006 0.257
-0.250 -0.015 0.273
-0.271 -0.023 0.264
-0.254 -0.017 0.264
-0.258 -0.011 0.237
-0.261 -0.010 0.263
-0.256 -0.020 0.234
-0.053 0.056 -0.202
-0.262 -0.009 0.239
-0.258 -0.015 0.288
-0.245 -0.017 0.275
-0.250 -0.021 0.297
-0.265 -0.023 0.253
-0.269 0.008 0.202
-0.273 0.017 0.133
-0.266 0.014 0.195
-0.112 -0.388 0.032
-0.249 0.017 0.149
-0.257 -0.018 0.282
-0.252 -0.026 0.342
-0.252 0.009 0.209
-0.268 0.010 0.223
-0.259 -0.021 0.267
-0.288 0.007 0.211
-0.273 0.190 0.048
-0.199 -0.014 0.166
-0.202 -0.016 0.234
-0.265 0.181 0.069
-0.261 0.162 0.098
-0.216 -0.013 0.202
-0.260 0.192 0.048
-0.252 0.167 0.108
-0.254 0.170 0.109
-0.255 0.190 0.055
0.311 0.309 -0.358
-0.256 0.170 0.130
-0.264 0.183 0.123
-0.253 0.202 0.066
-0.257 0.190 0.041
-0.261 0.159 0.130
-0.250 0.181 0.099
-0.252 0.171 0.115
-0.273 0.164 0.106
-0.256 0.170 0.106
-0.260 0.176 0.079
-0.263 0.177 0.105
-0.258 0.167 0.075
-0.055 0.243 -0.360
-0.264 0.178 0.081
-0.260 0.172 0.130
-0.247 0.170 0.117
-0.252 0.166 0.139
-0.267 0.164 0.095
-0.271 0.195 0.044
-0.275 0.204 -0.025
-0.268 0.201 0.037
-0.114 -0.201 -0.126
-0.251 0.204 -0.009
-0.259 0.169 0.124
-0.254 0.161 0.184
-0.254 0.196 0.051
-0.270 0.197 0.065
-0.261 0.166 0.109
-0.290 0.194 0.053
