-0.303 0.096 0.163
-0.229 -0.113 0.281
-0.233 -0.113 0.349
-0.295 0.085 0.184
-0.292 0.067 0.215
-0.244 -0.113 0.317
-0.294 0.092 0.164
-0.287 0.070 0.223
-0.286 0.074 0.224
-0.289 0.094 0.170
0.281 0.215 -0.232
-0.288 0.074 0.245
-0.295 0.087 0.238
-0.283 0.107 0.182
-0.289 0.095 0.155
-0.292 0.063 0.246
-0.281 0.084 0.214
-0.287 0.076 0.230
-0.304 0.069 0.221
-0.287 0.075 0.221
-0.292 0.080 0.194
-0.293 0.082 0.220
-0.289 0.072 0.191
-0.087 0.195 -0.261
-0.294 0.083 0.196
-0.290 0.077 0.245
-0.277 0.075 0.232
-0.283 0.071 0.254
-0.298 0.069 0.209
-0.302 0.097 0.159
-0.303 0.099 0.090
-0.299 0.106 0.152
-0.293 0.121 -0.110
-0.284 0.109 0.107
-0.290 0.074 0.239
-0.284 0.066 0.299
-0.285 0.101 0.166
-0.301 0.102 0.180
-0.292 0.071 0.224
-0.320 0.099 0.168
-0.297 0.210 0.111
-0.224 0.007 0.229
-0.227 0.007 0.297
-0.289 0.205 0.132
-0.286 0.187 0.163
-0.238 0.007 0.265
-0.288 0.212 0.112
-0.281 0.190 0.171
-0.280 0.194 0.172
-0.283 0.214 0.119
0.287 0.335 -0.284
-0.282 0.194 0.194
-0.289 0.207 0.187
-0.277 0.227 0.130
-0.283 0.214 0.104
-0.286 0.183 0.194
-0.275 0.204 0.162
-0.281 0.196 0.178
-0.298 0.189 0.169
-0.281 0.195 0.169
-0.286 0.200 0.142
-0.288 0.202 0.168
-0.283 0.192 0.139
-0.081 0.315 -0.313
-0.288 0.203 0.144
-0.284 0.197 0.194
-0.271 0.195 0.180
-0.277 0.191 0.203
-0.292 0.189 0.158
-0.296 0.217 0.107
-0.297 0.218 0.038
-0.293 0.226 0.100
-0.287 0.241 -0.162
-0.278 0.229 0.055
-0.283 0.194 0.188
-0.278 0.186 0.247
-0.279 0.219 0.114
-0.295 0.222 0.128
-0.286 0.191 0.172
-0.315 0.219 0.116
