0.315 0.268 0.100
0.252 0.081 0.211
0.304 0.293 0.058
0.315 0.297 0.022
0.324 0.268 0.117
0.313 0.286 0.050
0.310 0.287 0.119
0.321 0.273 0.094
0.318 0.279 0.078
0.320 0.260 0.140
0.319 0.285 0.054
0.318 0.276 0.103
0.315 0.281 0.085
0.317 0.280 0.140
0.312 0.274 0.069
0.300 0.291 0.090
0.304 0.268 0.165
0.314 0.271 0.111
0.318 0.290 0.020
0.319 0.315 -0.026
-0.220 0.277 0.211
0.316 0.278 0.122
0.323 0.313 0.054
0.328 0.316 0.048
0.341 0.313 0.060
0.311 0.271 0.133
0.337 0.313 0.059
0.246 0.268 0.100
0.182 0.081 0.211
0.234 0.293 0.058
0.246 0.297 0.022
0.254 0.268 0.117
0.243 0.286 0.050
0.241 0.287 0.119
0.251 0.273 0.094
0.249 0.279 0.078
0.250 0.260 0.140
0.249 0.285 0.054
0.248 0.276 0.103
0.245 0.281 0.085
0.247 0.280 0.140
0.242 0.274 0.069
0.230 0.291 0.090
0.235 0.268 0.165
0.244 0.271 0.111
0.248 0.290 0.020
0.249 0.315 -0.026
-0.289 0.277 0.211
0.246 0.278 0.122
0.254 0.314 0.054
0.258 0.316 0.048
0.271 0.312 0.060
0.242 0.271 0.133
0.267 0.313 0.059
