0.306 0.139 0.196
0.245 -0.056 0.304
0.294 0.164 0.154
0.306 0.168 0.118
0.314 0.139 0.213
0.304 0.157 0.146
0.301 0.158 0.214
0.312 0.144 0.190
0.309 0.150 0.174
0.311 0.131 0.235
0.310 0.156 0.150
0.309 0.147 0.199
0.305 0.152 0.181
0.308 0.152 0.236
0.303 0.145 0.165
0.291 0.162 0.186
0.295 0.139 0.261
0.305 0.142 0.207
0.309 0.162 0.116
0.308 0.182 0.070
-0.230 0.148 0.299
0.307 0.149 0.218
0.314 0.184 0.150
0.318 0.186 0.144
0.332 0.184 0.156
0.302 0.142 0.229
0.327 0.184 0.155
0.301 0.226 0.106
0.240 0.031 0.214
0.289 0.251 0.063
0.301 0.255 0.027
0.309 0.226 0.123
0.299 0.244 0.055
0.296 0.245 0.124
0.307 0.231 0.099
0.304 0.237 0.084
0.306 0.218 0.145
0.305 0.243 0.060
0.304 0.234 0.109
0.300 0.239 0.090
0.302 0.238 0.146
0.298 0.232 0.074
0.286 0.249 0.096
0.290 0.226 0.170
0.299 0.229 0.117
0.304 0.248 0.026
0.303 0.268 -0.021
-0.235 0.235 0.208
0.302 0.237 0.128
0.309 0.272 0.059
0.313 0.275 0.053
0.326 0.270 0.065
0.297 0.229 0.139
0.322 0.271 0.065
