0.286 -0.031 0.260
0.224 -0.220 0.368
0.275 -0.004 0.214
0.287 -0.002 0.178
0.294 -0.031 0.278
0.285 -0.012 0.206
0.282 -0.012 0.276
0.291 -0.025 0.251
0.290 -0.020 0.236
0.289 -0.040 0.298
0.291 -0.014 0.211
0.290 -0.024 0.260
0.286 -0.018 0.242
0.288 -0.019 0.297
0.284 -0.021 0.225
0.272 -0.008 0.246
0.276 -0.032 0.322
0.285 -0.028 0.269
0.290 -0.009 0.177
0.290 0.017 0.131
-0.248 -0.023 0.367
0.288 -0.021 0.279
0.295 0.014 0.211
0.299 0.017 0.205
0.313 0.014 0.217
0.283 -0.028 0.290
0.308 0.013 0.216
0.284 0.156 0.101
0.222 -0.033 0.210
0.273 0.182 0.056
0.285 0.184 0.020
0.292 0.156 0.120
0.283 0.175 0.048
0.280 0.175 0.118
0.289 0.162 0.092
0.288 0.167 0.078
0.287 0.147 0.140
0.289 0.173 0.053
0.288 0.163 0.102
0.284 0.169 0.084
0.287 0.168 0.139
0.282 0.166 0.067
0.270 0.178 0.087
0.274 0.155 0.164
0.283 0.159 0.111
0.288 0.178 0.019
0.288 0.204 -0.027
-0.250 0.164 0.209
0.286 0.166 0.121
0.293 0.201 0.052
0.297 0.204 0.046
0.311 0.201 0.059
0.281 0.159 0.132
0.307 0.200 0.058
