0.285 0.070 0.183
0.219 -0.125 0.294
0.271 0.095 0.141
0.282 0.098 0.105
0.288 0.073 0.200
0.280 0.087 0.133
0.277 0.089 0.202
0.287 0.075 0.177
0.285 0.080 0.161
0.288 0.061 0.223
0.286 0.086 0.137
0.285 0.077 0.186
0.281 0.082 0.168
0.284 0.082 0.223
0.279 0.075 0.152
0.267 0.093 0.172
0.271 0.070 0.248
0.280 0.072 0.194
0.285 0.092 0.103
0.285 0.117 0.057
-0.253 0.078 0.294
0.283 0.080 0.205
0.290 0.115 0.137
0.294 0.117 0.131
0.308 0.115 0.143
0.278 0.075 0.216
0.303 0.114 0.142
0.285 0.223 0.116
0.219 0.029 0.227
0.271 0.249 0.073
0.282 0.252 0.037
0.288 0.226 0.133
0.280 0.241 0.065
0.277 0.242 0.135
0.287 0.228 0.109
0.285 0.233 0.094
0.288 0.214 0.155
0.285 0.240 0.070
0.285 0.230 0.119
0.281 0.236 0.101
0.283 0.235 0.156
0.279 0.229 0.085
0.267 0.246 0.105
0.271 0.223 0.181
0.280 0.226 0.127
0.285 0.245 0.036
0.285 0.270 -0.010
-0.253 0.231 0.227
0.283 0.233 0.138
0.290 0.268 0.069
0.294 0.271 0.063
0.308 0.268 0.076
0.278 0.228 0.149
0.303 0.267 0.075
