-0.146 -0.094 0.148
-0.287 0.238 0.264
-0.347 0.244 0.319
-0.368 0.206 0.289
-0.331 0.205 0.294
-0.338 0.235 0.192
-0.298 0.236 0.226
-0.364 0.210 0.243
-0.352 0.236 0.257
-0.341 0.209 0.256
-0.329 0.230 0.264
-0.353 0.237 0.206
-0.314 0.213 0.286
-0.327 0.226 0.268
-0.347 0.234 0.260
-0.355 0.232 0.280
-0.320 0.203 0.289
0.251 0.283 -0.294
-0.326 0.216 0.300
-0.317 0.199 0.288
-0.341 0.195 0.261
-0.196 -0.094 0.148
-0.337 0.238 0.264
-0.396 0.244 0.319
-0.418 0.206 0.289
-0.381 0.205 0.294
-0.388 0.235 0.192
-0.348 0.236 0.226
-0.414 0.210 0.243
-0.401 0.236 0.257
-0.391 0.209 0.256
-0.379 0.230 0.264
-0.403 0.237 0.206
-0.364 0.213 0.286
-0.377 0.226 0.268
-0.396 0.234 0.260
-0.405 0.232 0.280
-0.370 0.203 0.289
-0.366 0.199 0.288
-0.391 0.195 0.261
