-0.122 -0.016 0.253
-0.263 0.315 0.369
-0.322 0.315 0.415
-0.344 0.283 0.392
-0.307 0.283 0.397
-0.314 0.311 0.296
-0.274 0.313 0.330
-0.340 0.287 0.348
-0.327 0.312 0.360
-0.317 0.286 0.360
-0.305 0.307 0.368
-0.329 0.295 0.310
-0.290 0.291 0.389
-0.303 0.303 0.373
-0.322 0.311 0.364
-0.331 0.310 0.384
-0.296 0.280 0.393
0.275 0.361 -0.190
-0.302 0.293 0.404
-0.292 0.276 0.391
-0.317 0.273 0.366
-0.140 0.022 0.173
-0.281 0.354 0.289
-0.340 0.353 0.335
-0.362 0.322 0.312
-0.324 0.321 0.317
-0.331 0.350 0.216
-0.292 0.351 0.250
-0.358 0.326 0.268
-0.345 0.351 0.280
-0.334 0.325 0.280
-0.322 0.346 0.288
-0.347 0.345 0.230
-0.308 0.329 0.309
-0.321 0.342 0.293
-0.340 0.349 0.284
-0.349 0.348 0.304
-0.313 0.319 0.313
-0.310 0.315 0.311
-0.335 0.311 0.286
