-0.127 -0.189 0.199
-0.268 0.135 0.314
-0.327 0.137 0.364
-0.348 0.110 0.339
-0.312 0.110 0.344
-0.316 0.138 0.242
-0.279 0.140 0.276
-0.345 0.114 0.294
-0.333 0.134 0.307
-0.322 0.113 0.307
-0.310 0.127 0.314
-0.332 0.139 0.256
-0.295 0.118 0.336
-0.308 0.130 0.319
-0.327 0.135 0.311
-0.336 0.136 0.330
-0.301 0.107 0.340
0.270 0.188 -0.244
-0.307 0.120 0.350
-0.298 0.103 0.339
-0.322 0.099 0.312
-0.161 -0.054 0.166
-0.302 0.271 0.281
-0.361 0.273 0.332
-0.382 0.245 0.306
-0.345 0.245 0.311
-0.350 0.273 0.210
-0.313 0.275 0.243
-0.378 0.249 0.261
-0.366 0.269 0.274
-0.355 0.248 0.274
-0.343 0.262 0.282
-0.366 0.274 0.224
-0.329 0.253 0.304
-0.342 0.261 0.286
-0.361 0.271 0.278
-0.370 0.271 0.298
-0.334 0.243 0.307
-0.331 0.238 0.306
-0.356 0.235 0.279
