-0.208 -0.182 0.228
-0.349 0.149 0.344
-0.405 0.153 0.390
-0.417 0.117 0.368
-0.393 0.117 0.372
-0.395 0.146 0.271
-0.360 0.147 0.305
-0.425 0.122 0.323
-0.408 0.146 0.336
-0.402 0.120 0.336
-0.390 0.142 0.343
-0.408 0.148 0.285
-0.376 0.125 0.365
-0.389 0.138 0.348
-0.408 0.145 0.340
-0.417 0.144 0.359
-0.382 0.115 0.368
0.190 0.195 -0.215
-0.388 0.127 0.379
-0.378 0.110 0.367
-0.403 0.107 0.341
-0.183 -0.040 0.173
-0.324 0.291 0.289
-0.380 0.295 0.335
-0.405 0.259 0.313
-0.368 0.259 0.318
-0.370 0.288 0.217
-0.335 0.289 0.250
-0.401 0.264 0.268
-0.383 0.288 0.281
-0.378 0.262 0.281
-0.365 0.284 0.288
-0.383 0.290 0.231
-0.351 0.267 0.310
-0.364 0.279 0.293
-0.383 0.287 0.285
-0.392 0.286 0.305
-0.357 0.257 0.314
-0.353 0.252 0.313
-0.378 0.249 0.286
