-0.151 -0.144 0.070
-0.292 0.183 0.186
-0.351 0.183 0.235
-0.373 0.155 0.209
-0.336 0.155 0.214
-0.340 0.183 0.113
-0.303 0.185 0.147
-0.369 0.159 0.165
-0.356 0.179 0.177
-0.346 0.158 0.178
-0.333 0.173 0.185
-0.358 0.162 0.127
-0.319 0.163 0.207
-0.332 0.176 0.190
-0.351 0.181 0.181
-0.360 0.181 0.201
-0.325 0.153 0.210
0.246 0.233 -0.373
-0.331 0.165 0.221
-0.321 0.148 0.209
-0.346 0.145 0.183
-0.156 -0.018 0.117
-0.297 0.309 0.233
-0.356 0.309 0.282
-0.378 0.282 0.256
-0.341 0.282 0.261
-0.345 0.310 0.161
-0.308 0.311 0.194
-0.374 0.286 0.212
-0.361 0.306 0.224
-0.350 0.285 0.225
-0.338 0.299 0.232
-0.363 0.312 0.175
-0.324 0.289 0.254
-0.337 0.297 0.237
-0.356 0.307 0.229
-0.365 0.308 0.248
-0.330 0.279 0.258
-0.326 0.275 0.256
-0.351 0.271 0.230
