-0.169 -0.226 0.077
-0.309 0.105 0.193
-0.367 0.102 0.241
-0.282 0.074 0.216
-0.353 0.073 0.221
-0.358 0.102 0.120
-0.321 0.103 0.154
-0.383 0.078 0.172
-0.371 0.100 0.184
-0.341 0.076 0.184
-0.348 0.094 0.192
-0.366 0.104 0.134
-0.334 0.081 0.214
-0.347 0.094 0.197
-0.362 0.101 0.188
-0.373 0.100 0.208
-0.339 0.071 0.217
0.232 0.151 -0.366
-0.346 0.083 0.228
-0.336 0.066 0.216
-0.356 0.063 0.190
-0.162 -0.112 0.117
-0.303 0.219 0.233
-0.360 0.216 0.281
-0.344 0.187 0.257
-0.347 0.187 0.261
-0.351 0.215 0.161
-0.314 0.217 0.194
-0.379 0.192 0.212
-0.366 0.213 0.225
-0.334 0.190 0.225
-0.341 0.208 0.232
-0.361 0.218 0.175
-0.329 0.195 0.254
-0.342 0.207 0.237
-0.357 0.215 0.229
-0.368 0.214 0.248
-0.335 0.185 0.258
-0.331 0.180 0.256
-0.356 0.177 0.230
