-0.117 -0.214 0.144
-0.258 0.111 0.259
-0.317 0.124 0.298
-0.333 0.087 0.283
-0.302 0.086 0.289
-0.306 0.115 0.188
-0.269 0.115 0.222
-0.335 0.090 0.239
-0.321 0.116 0.251
-0.312 0.089 0.252
-0.300 0.110 0.259
-0.323 0.117 0.202
-0.284 0.092 0.280
-0.298 0.106 0.264
-0.317 0.114 0.256
-0.326 0.112 0.275
-0.291 0.083 0.285
0.281 0.163 -0.298
-0.297 0.095 0.295
-0.287 0.079 0.282
-0.312 0.075 0.257
-0.145 -0.072 0.141
-0.286 0.252 0.256
-0.345 0.266 0.294
-0.367 0.227 0.280
-0.330 0.227 0.285
-0.334 0.256 0.185
-0.297 0.257 0.218
-0.363 0.232 0.236
-0.349 0.258 0.247
-0.340 0.230 0.248
-0.328 0.252 0.255
-0.351 0.259 0.198
-0.312 0.233 0.276
-0.326 0.247 0.260
-0.345 0.255 0.252
-0.354 0.254 0.272
-0.319 0.224 0.281
-0.315 0.220 0.279
-0.340 0.217 0.253
