-0.091 -0.380 0.263
-0.235 -0.059 0.377
-0.291 -0.055 0.421
-0.313 -0.080 0.402
-0.276 -0.081 0.407
-0.346 -0.059 0.306
-0.312 -0.053 0.340
-0.309 -0.076 0.358
-0.296 -0.059 0.370
-0.286 -0.077 0.370
-0.273 -0.066 0.378
-0.297 -0.059 0.320
-0.259 -0.073 0.399
-0.272 -0.067 0.383
-0.291 -0.056 0.374
-0.300 -0.055 0.394
-0.265 -0.084 0.403
0.307 -0.003 -0.180
-0.271 -0.071 0.414
-0.262 -0.087 0.402
-0.286 -0.091 0.376
-0.132 -0.109 0.185
-0.276 0.212 0.299
-0.333 0.216 0.343
-0.354 0.191 0.324
-0.317 0.190 0.328
-0.348 0.213 0.228
-0.315 0.218 0.262
-0.350 0.195 0.280
-0.338 0.213 0.292
-0.327 0.194 0.292
-0.315 0.205 0.300
-0.339 0.213 0.242
-0.301 0.198 0.321
-0.314 0.205 0.304
-0.333 0.215 0.296
-0.342 0.217 0.316
-0.306 0.188 0.325
-0.303 0.184 0.324
-0.328 0.180 0.298
