-0.256 -0.757 0.214
-0.398 -0.425 0.330
-0.457 -0.419 0.385
-0.479 -0.458 0.355
-0.441 -0.458 0.360
-0.394 -0.428 0.258
-0.358 -0.427 0.292
-0.474 -0.453 0.309
-0.462 -0.427 0.323
-0.451 -0.455 0.322
-0.439 -0.433 0.330
-0.460 -0.427 0.273
-0.424 -0.450 0.352
-0.437 -0.437 0.335
-0.457 -0.430 0.329
-0.466 -0.431 0.346
-0.430 -0.460 0.355
0.141 -0.380 -0.228
-0.436 -0.448 0.366
-0.427 -0.465 0.354
-0.452 -0.468 0.328
-0.215 -0.207 0.177
-0.356 0.125 0.293
-0.415 0.131 0.348
-0.437 0.093 0.318
-0.400 0.092 0.322
-0.382 0.122 0.221
-0.347 0.123 0.255
-0.433 0.097 0.272
-0.420 0.123 0.286
-0.409 0.096 0.285
-0.397 0.117 0.293
-0.418 0.124 0.236
-0.383 0.100 0.315
-0.396 0.113 0.297
-0.415 0.121 0.292
-0.424 0.119 0.309
-0.389 0.090 0.318
-0.385 0.086 0.317
-0.410 0.082 0.290
