-0.254 -0.062 0.182
-0.395 0.267 0.297
-0.454 0.265 0.345
-0.465 0.237 0.320
-0.439 0.237 0.326
-0.442 0.266 0.225
-0.406 0.267 0.259
-0.472 0.241 0.276
-0.459 0.262 0.288
-0.427 0.240 0.289
-0.437 0.258 0.297
-0.456 0.267 0.239
-0.421 0.243 0.317
-0.435 0.257 0.301
-0.454 0.263 0.293
-0.463 0.263 0.313
-0.428 0.234 0.322
0.143 0.315 -0.261
-0.434 0.247 0.333
-0.425 0.230 0.320
-0.449 0.227 0.294
-0.216 0.005 0.138
-0.357 0.335 0.254
-0.416 0.333 0.302
-0.438 0.305 0.277
-0.401 0.305 0.282
-0.404 0.333 0.182
-0.368 0.334 0.215
-0.434 0.309 0.233
-0.421 0.330 0.245
-0.389 0.308 0.246
-0.399 0.325 0.253
-0.418 0.334 0.196
-0.383 0.311 0.274
-0.397 0.323 0.258
-0.416 0.331 0.250
-0.425 0.331 0.269
-0.390 0.302 0.279
-0.387 0.298 0.276
-0.411 0.294 0.251
