0.308 0.203 0.113
0.246 0.007 0.224
0.298 0.227 0.071
0.307 0.229 0.035
0.316 0.203 0.130
0.305 0.218 0.063
0.303 0.222 0.132
0.314 0.208 0.107
0.311 0.214 0.092
0.313 0.199 0.153
0.311 0.220 0.067
0.311 0.211 0.117
0.307 0.216 0.098
0.309 0.216 0.153
0.305 0.209 0.082
0.293 0.226 0.103
0.297 0.203 0.178
0.306 0.206 0.124
0.311 0.225 0.033
0.309 0.245 -0.013
-0.231 0.207 0.222
0.309 0.213 0.135
0.316 0.249 0.067
0.321 0.251 0.061
0.334 0.249 0.073
0.304 0.206 0.147
0.329 0.248 0.073
0.259 0.263 0.098
0.197 0.067 0.209
0.250 0.287 0.055
0.258 0.289 0.019
0.268 0.263 0.115
0.256 0.278 0.047
0.254 0.282 0.116
0.265 0.268 0.091
0.262 0.274 0.076
0.264 0.259 0.137
0.263 0.280 0.052
0.262 0.270 0.101
0.259 0.275 0.082
0.261 0.275 0.138
0.256 0.269 0.066
0.244 0.286 0.088
0.248 0.263 0.162
0.258 0.266 0.109
0.262 0.285 0.018
0.261 0.305 -0.029
-0.279 0.267 0.206
0.260 0.273 0.120
0.267 0.308 0.051
0.271 0.311 0.045
0.285 0.307 0.057
0.255 0.266 0.131
0.281 0.307 0.057
