0.303 0.091 0.268
0.240 -0.098 0.379
0.292 0.114 0.225
0.303 0.115 0.189
0.312 0.090 0.285
0.300 0.105 0.217
0.297 0.107 0.285
0.309 0.096 0.261
0.307 0.101 0.246
0.307 0.081 0.307
0.307 0.108 0.222
0.306 0.098 0.271
0.303 0.103 0.253
0.305 0.103 0.308
0.300 0.097 0.237
0.288 0.114 0.258
0.292 0.090 0.333
0.302 0.094 0.279
0.306 0.113 0.188
0.305 0.133 0.141
-0.234 0.096 0.376
0.304 0.101 0.290
0.312 0.136 0.222
0.317 0.139 0.216
0.329 0.136 0.228
0.300 0.093 0.301
0.324 0.134 0.227
0.298 0.205 0.165
0.235 0.016 0.276
0.286 0.228 0.122
0.297 0.229 0.086
0.307 0.204 0.182
0.295 0.219 0.114
0.292 0.221 0.182
0.304 0.209 0.158
0.301 0.215 0.143
0.302 0.195 0.203
0.302 0.222 0.119
0.301 0.212 0.168
0.297 0.217 0.149
0.300 0.217 0.205
0.295 0.211 0.134
0.283 0.228 0.155
0.287 0.204 0.229
0.296 0.207 0.176
0.301 0.227 0.085
0.300 0.247 0.038
-0.240 0.210 0.273
0.299 0.215 0.187
0.306 0.250 0.118
0.310 0.253 0.112
0.324 0.249 0.124
0.294 0.207 0.198
0.319 0.248 0.124
