0.269 0.045 0.218
0.199 -0.147 0.329
0.263 0.067 0.174
0.269 0.075 0.139
0.272 0.044 0.235
0.269 0.064 0.167
0.268 0.061 0.236
0.268 0.051 0.212
0.270 0.054 0.196
0.269 0.034 0.257
0.269 0.062 0.172
0.265 0.054 0.221
0.269 0.056 0.201
0.264 0.059 0.258
0.259 0.052 0.187
0.248 0.069 0.208
0.251 0.047 0.283
0.261 0.049 0.229
0.265 0.069 0.138
0.266 0.093 0.092
-0.276 0.051 0.327
0.271 0.053 0.239
0.271 0.092 0.172
0.276 0.094 0.166
0.290 0.092 0.178
0.269 0.048 0.251
0.284 0.091 0.177
0.273 0.194 0.133
0.203 0.002 0.245
0.266 0.216 0.090
0.273 0.224 0.055
0.276 0.193 0.151
0.273 0.213 0.083
0.272 0.210 0.152
0.272 0.200 0.128
0.274 0.203 0.112
0.273 0.183 0.173
0.273 0.211 0.088
0.269 0.203 0.137
0.273 0.205 0.117
0.267 0.207 0.174
0.263 0.201 0.103
0.251 0.218 0.124
0.255 0.195 0.199
0.264 0.198 0.145
0.269 0.218 0.054
0.270 0.242 0.008
-0.273 0.199 0.243
0.267 0.206 0.156
0.274 0.241 0.088
0.278 0.244 0.082
0.292 0.241 0.094
0.273 0.197 0.167
0.288 0.240 0.093
