0.261 0.150 0.179
0.198 -0.039 0.290
0.249 0.176 0.137
0.261 0.178 0.101
0.270 0.148 0.196
0.259 0.167 0.129
0.256 0.168 0.198
0.267 0.153 0.173
0.264 0.159 0.158
0.266 0.146 0.219
0.265 0.166 0.133
0.264 0.156 0.183
0.260 0.161 0.164
0.262 0.161 0.219
0.258 0.155 0.148
0.246 0.172 0.168
0.250 0.148 0.244
0.259 0.154 0.190
0.264 0.171 0.099
0.264 0.197 0.053
-0.276 0.157 0.289
0.262 0.159 0.201
0.269 0.194 0.133
0.273 0.197 0.127
0.287 0.194 0.139
0.257 0.152 0.213
0.282 0.193 0.139
0.264 0.252 0.099
0.201 0.063 0.210
0.253 0.278 0.057
0.264 0.280 0.021
0.273 0.251 0.116
0.262 0.270 0.049
0.259 0.270 0.118
0.270 0.255 0.093
0.267 0.262 0.077
0.269 0.248 0.139
0.268 0.268 0.053
0.267 0.258 0.102
0.264 0.264 0.084
0.266 0.263 0.139
0.261 0.257 0.068
0.249 0.274 0.088
0.253 0.251 0.164
0.263 0.256 0.110
0.267 0.273 0.019
0.268 0.300 -0.027
-0.273 0.259 0.209
0.265 0.261 0.121
0.272 0.297 0.053
0.276 0.300 0.047
0.290 0.296 0.059
0.260 0.254 0.132
0.286 0.296 0.058
