0.288 -0.010 0.066
0.225 -0.200 0.177
0.276 0.014 0.023
0.288 0.017 -0.013
0.296 -0.011 0.083
0.285 0.006 0.015
0.283 0.007 0.085
0.294 -0.007 0.059
0.090 -0.482 0.026
0.293 -0.013 0.106
0.291 0.005 0.020
0.291 -0.005 0.069
0.287 0.001 0.051
0.289 0.001 0.106
0.285 -0.006 0.035
0.273 0.011 0.056
0.277 -0.011 0.131
0.286 -0.006 0.077
0.291 0.011 -0.014
0.291 0.036 -0.061
-0.248 -0.003 0.177
0.289 -0.002 0.088
0.296 0.033 0.020
0.300 0.035 0.014
0.314 0.034 0.026
0.284 -0.008 0.099
0.309 0.033 0.025
0.286 0.163 0.065
0.223 -0.027 0.175
0.274 0.186 0.022
0.286 0.190 -0.014
0.295 0.161 0.082
0.284 0.179 0.014
0.281 0.180 0.084
0.292 0.165 0.058
0.088 -0.310 0.025
0.291 0.159 0.104
0.290 0.178 0.019
0.289 0.168 0.068
0.285 0.174 0.049
0.288 0.173 0.105
0.283 0.167 0.033
0.271 0.183 0.055
0.275 0.161 0.129
0.285 0.166 0.076
0.289 0.183 -0.015
0.289 0.208 -0.062
-0.250 0.169 0.175
0.287 0.171 0.087
0.294 0.206 0.018
0.298 0.208 0.012
0.312 0.206 0.024
0.282 0.164 0.098
0.308 0.205 0.024
