0.255 0.061 0.214
0.191 -0.129 0.325
0.245 0.085 0.171
0.254 0.086 0.135
0.263 0.060 0.231
0.252 0.076 0.163
0.250 0.080 0.233
0.261 0.065 0.207
0.258 0.071 0.192
0.259 0.052 0.254
0.258 0.078 0.168
0.258 0.068 0.217
0.254 0.073 0.199
0.256 0.073 0.254
0.252 0.067 0.183
0.240 0.083 0.204
0.244 0.060 0.279
0.253 0.063 0.225
0.257 0.083 0.134
0.256 0.103 0.088
-0.284 0.068 0.325
0.256 0.071 0.236
0.263 0.106 0.168
0.268 0.108 0.162
0.281 0.106 0.174
0.251 0.063 0.247
0.276 0.105 0.173
0.261 0.181 0.162
0.197 -0.009 0.273
0.251 0.205 0.120
0.260 0.206 0.084
0.269 0.180 0.179
0.258 0.195 0.111
0.256 0.200 0.181
0.266 0.185 0.156
0.264 0.191 0.140
0.265 0.172 0.202
0.264 0.198 0.116
0.264 0.188 0.165
0.260 0.193 0.147
0.262 0.193 0.202
0.257 0.187 0.131
0.245 0.203 0.152
0.250 0.180 0.227
0.259 0.183 0.173
0.263 0.203 0.082
0.262 0.223 0.036
-0.278 0.188 0.273
0.262 0.191 0.184
0.269 0.226 0.116
0.273 0.229 0.110
0.286 0.225 0.122
0.257 0.183 0.195
0.282 0.225 0.121
