0.164 -0.205 0.078
0.294 0.102 0.176
0.291 0.109 0.177
0.290 0.103 0.179
0.357 0.090 0.179
0.363 0.106 0.156
0.372 0.097 0.192
0.391 0.104 0.153
0.375 0.114 0.061
0.318 0.112 0.176
0.374 0.099 0.121
0.352 0.109 0.162
0.349 0.110 0.124
0.357 0.121 0.052
0.361 0.110 0.088
0.339 0.100 0.189
0.339 0.112 0.184
0.352 0.102 0.193
0.351 0.101 0.211
0.297 0.095 0.188
-0.177 0.149 -0.346
0.349 0.105 0.146
0.385 0.096 0.030
0.361 0.098 0.158
0.352 0.109 -0.021
0.170 -0.091 0.118
0.300 0.215 0.216
0.297 0.223 0.218
0.297 0.217 0.220
0.363 0.204 0.219
0.369 0.220 0.197
0.379 0.211 0.232
0.397 0.218 0.194
0.380 0.228 0.101
0.323 0.226 0.216
0.381 0.213 0.161
0.358 0.223 0.202
0.354 0.224 0.164
0.362 0.235 0.093
0.366 0.224 0.129
0.344 0.214 0.229
0.340 0.218 0.225
0.357 0.216 0.234
0.356 0.215 0.251
0.302 0.209 0.228
0.366 0.211 0.199
0.357 0.226 0.019
