0.215 -0.192 0.146
0.346 0.114 0.244
0.348 0.110 0.245
0.344 0.113 0.247
0.409 0.108 0.246
0.414 0.122 0.224
0.424 0.110 0.259
0.442 0.116 0.221
0.425 0.127 0.128
0.375 0.132 0.242
0.427 0.113 0.188
0.403 0.134 0.229
0.398 0.125 0.192
0.402 0.135 0.124
0.409 0.128 0.156
0.387 0.111 0.256
0.389 0.125 0.252
0.401 0.115 0.261
0.400 0.114 0.278
0.349 0.105 0.255
-0.129 0.161 -0.279
0.397 0.118 0.213
0.432 0.109 0.097
0.410 0.110 0.226
0.401 0.124 0.056
0.187 -0.051 0.142
0.318 0.255 0.240
0.320 0.252 0.242
0.316 0.254 0.243
0.381 0.249 0.242
0.386 0.263 0.220
0.396 0.251 0.255
0.415 0.258 0.217
0.397 0.268 0.124
0.347 0.273 0.239
0.399 0.254 0.184
0.375 0.275 0.225
0.370 0.267 0.188
0.374 0.277 0.120
0.382 0.269 0.152
0.359 0.252 0.252
0.361 0.266 0.248
0.373 0.256 0.257
0.372 0.255 0.275
0.321 0.246 0.251
0.382 0.251 0.222
0.373 0.265 0.052
