0.124 -0.161 0.229
0.255 0.145 0.327
0.271 0.154 0.329
0.257 0.148 0.330
0.326 0.136 0.330
0.324 0.150 0.308
0.333 0.141 0.343
0.352 0.148 0.305
0.335 0.158 0.211
0.278 0.151 0.323
0.338 0.144 0.272
0.312 0.153 0.312
0.307 0.154 0.275
0.315 0.165 0.203
0.319 0.154 0.240
0.296 0.140 0.338
0.293 0.149 0.335
0.310 0.146 0.344
0.310 0.145 0.362
0.256 0.130 0.339
-0.219 0.192 -0.196
0.306 0.149 0.297
0.343 0.140 0.181
0.319 0.141 0.309
0.310 0.158 0.130
0.149 -0.019 0.174
0.280 0.287 0.273
0.296 0.296 0.274
0.282 0.290 0.276
0.350 0.278 0.276
0.348 0.292 0.253
0.358 0.283 0.288
0.376 0.290 0.250
0.359 0.300 0.157
0.302 0.293 0.268
0.362 0.286 0.217
0.337 0.295 0.257
0.332 0.296 0.220
0.340 0.307 0.149
0.343 0.296 0.185
0.320 0.282 0.284
0.318 0.291 0.281
0.335 0.288 0.289
0.334 0.287 0.307
0.281 0.272 0.284
0.344 0.283 0.255
0.335 0.300 0.076
