0.290 0.164 0.193
0.290 0.170 0.142
0.287 0.165 0.111
0.291 0.163 0.082
0.287 0.179 0.100
0.285 0.159 0.138
0.287 0.182 0.105
0.265 0.147 0.129
0.266 0.180 0.175
0.283 0.177 0.079
-0.276 0.128 0.167
0.299 0.182 0.127
0.303 0.180 0.096
0.311 0.165 0.092
0.318 0.172 0.106
0.044 -0.518 0.004
0.315 0.163 0.105
0.275 0.269 0.193
0.275 0.290 0.142
0.272 0.285 0.111
0.276 0.283 0.082
0.272 0.283 0.100
0.270 0.264 0.137
0.272 0.287 0.104
0.250 0.251 0.128
0.251 0.284 0.175
0.268 0.282 0.079
-0.283 0.232 0.167
0.284 0.286 0.127
0.288 0.284 0.096
0.296 0.285 0.092
0.303 0.276 0.106
0.029 -0.414 0.003
0.300 0.283 0.105
