0.231 0.205 0.270
0.231 0.234 0.219
0.228 0.228 0.188
0.232 0.226 0.159
0.229 0.224 0.178
0.228 0.203 0.216
0.229 0.232 0.182
0.219 0.224 0.213
0.208 0.217 0.252
0.225 0.219 0.156
-0.337 0.202 0.163
0.240 0.226 0.205
0.245 0.223 0.174
0.252 0.228 0.170
0.260 0.214 0.203
-0.014 -0.481 0.081
0.256 0.226 0.182
0.223 0.302 0.191
0.223 0.332 0.140
0.221 0.326 0.109
0.224 0.323 0.080
0.221 0.322 0.098
0.221 0.300 0.136
0.221 0.329 0.103
0.211 0.321 0.134
0.200 0.315 0.172
0.217 0.316 0.077
-0.343 0.299 0.135
0.232 0.323 0.125
0.237 0.320 0.094
0.244 0.325 0.090
0.252 0.311 0.120
-0.022 -0.384 0.001
0.248 0.323 0.103
