0.186 -0.072 0.149
0.316 0.234 0.248
0.313 0.252 0.249
0.313 0.239 0.251
0.385 0.227 0.250
0.385 0.241 0.228
0.395 0.230 0.263
0.413 0.237 0.225
0.396 0.247 0.132
0.337 0.253 0.247
0.399 0.233 0.192
0.374 0.252 0.234
0.369 0.245 0.196
0.372 0.257 0.127
0.380 0.247 0.160
0.358 0.232 0.260
0.355 0.244 0.256
0.372 0.235 0.265
0.370 0.234 0.282
0.314 0.229 0.259
-0.158 0.280 -0.276
0.368 0.237 0.217
0.404 0.229 0.101
0.381 0.230 0.230
0.371 0.247 0.051
0.136 -0.072 0.149
0.266 0.234 0.248
0.263 0.252 0.249
0.263 0.239 0.251
0.335 0.227 0.250
0.335 0.241 0.228
0.345 0.230 0.263
0.363 0.237 0.225
0.347 0.247 0.132
0.287 0.253 0.247
0.349 0.233 0.192
0.324 0.252 0.234
0.319 0.245 0.196
0.322 0.257 0.127
0.330 0.247 0.160
0.308 0.232 0.260
0.305 0.244 0.256
0.322 0.235 0.265
0.321 0.234 0.282
0.264 0.229 0.259
0.331 0.230 0.230
0.322 0.247 0.051
