0.210 0.005 0.254
0.340 0.311 0.352
0.338 0.321 0.354
0.337 0.314 0.355
0.409 0.302 0.355
0.409 0.316 0.333
0.419 0.307 0.368
0.437 0.314 0.330
0.419 0.324 0.237
0.362 0.324 0.352
0.423 0.309 0.297
0.398 0.322 0.338
0.393 0.303 0.300
0.397 0.313 0.232
0.404 0.306 0.265
0.382 0.310 0.365
0.382 0.322 0.360
0.396 0.312 0.369
0.395 0.311 0.387
0.339 0.306 0.364
-0.134 0.359 -0.170
0.392 0.315 0.322
0.429 0.306 0.206
0.405 0.307 0.334
0.396 0.321 0.155
0.193 0.043 0.174
0.323 0.350 0.272
0.320 0.360 0.274
0.319 0.352 0.275
0.392 0.341 0.275
0.392 0.355 0.253
0.401 0.345 0.288
0.420 0.352 0.250
0.401 0.363 0.157
0.344 0.363 0.272
0.406 0.348 0.217
0.381 0.360 0.258
0.375 0.352 0.220
0.379 0.363 0.152
0.387 0.355 0.185
0.365 0.348 0.285
0.361 0.354 0.281
0.379 0.351 0.289
0.377 0.350 0.307
0.322 0.344 0.284
0.387 0.346 0.254
0.378 0.360 0.075
