0.205 -0.168 0.200
0.336 0.138 0.298
0.339 0.137 0.300
0.334 0.138 0.301
0.399 0.123 0.301
0.404 0.143 0.279
0.414 0.134 0.314
0.432 0.141 0.276
0.413 0.151 0.183
0.356 0.140 0.297
0.417 0.130 0.243
0.392 0.135 0.283
0.388 0.147 0.246
0.396 0.158 0.174
0.399 0.147 0.211
0.377 0.134 0.311
0.379 0.149 0.307
0.391 0.137 0.315
0.389 0.137 0.333
0.339 0.129 0.310
-0.139 0.185 -0.225
0.387 0.142 0.268
0.422 0.133 0.152
0.400 0.134 0.280
0.390 0.137 0.101
0.171 -0.033 0.167
0.302 0.273 0.266
0.305 0.273 0.267
0.300 0.273 0.269
0.365 0.258 0.268
0.371 0.278 0.246
0.380 0.269 0.281
0.399 0.276 0.243
0.379 0.287 0.150
0.322 0.275 0.264
0.384 0.265 0.210
0.359 0.270 0.251
0.354 0.282 0.213
0.362 0.293 0.142
0.366 0.282 0.178
0.344 0.269 0.279
0.340 0.269 0.274
0.357 0.272 0.283
0.356 0.272 0.301
0.305 0.264 0.277
0.366 0.269 0.248
0.357 0.272 0.069
