0.241 -0.358 0.264
0.372 -0.052 0.362
0.370 -0.029 0.364
0.369 -0.047 0.365
0.427 -0.058 0.364
0.440 -0.044 0.342
0.381 -0.056 0.377
0.397 -0.049 0.339
0.449 -0.039 0.247
0.393 -0.031 0.362
0.453 -0.053 0.307
0.429 -0.030 0.347
0.424 -0.041 0.310
0.428 -0.029 0.242
0.436 -0.038 0.274
0.413 -0.053 0.375
0.410 -0.040 0.370
0.426 -0.051 0.379
0.426 -0.052 0.397
0.372 -0.057 0.374
-0.103 -0.005 -0.160
0.423 -0.049 0.332
0.456 -0.057 0.216
0.436 -0.056 0.345
0.426 -0.039 0.165
0.200 -0.087 0.186
0.330 0.219 0.284
0.328 0.242 0.286
0.327 0.225 0.287
0.386 0.213 0.286
0.399 0.227 0.264
0.378 0.215 0.299
0.394 0.222 0.261
0.408 0.232 0.168
0.351 0.240 0.283
0.411 0.218 0.228
0.387 0.241 0.269
0.382 0.231 0.232
0.386 0.242 0.164
0.394 0.234 0.196
0.372 0.218 0.297
0.368 0.232 0.292
0.385 0.220 0.301
0.384 0.219 0.319
0.330 0.215 0.296
0.394 0.215 0.267
0.385 0.232 0.087
