0.076 -0.736 0.216
0.206 -0.429 0.314
0.203 -0.413 0.315
0.203 -0.425 0.317
0.275 -0.436 0.316
0.275 -0.422 0.294
0.335 -0.433 0.330
0.353 -0.427 0.291
0.286 -0.417 0.198
0.227 -0.411 0.313
0.289 -0.430 0.258
0.264 -0.413 0.300
0.259 -0.419 0.262
0.263 -0.410 0.193
0.270 -0.416 0.226
0.248 -0.431 0.327
0.246 -0.419 0.322
0.262 -0.428 0.331
0.260 -0.430 0.349
0.203 -0.434 0.326
-0.268 -0.382 -0.209
0.258 -0.426 0.283
0.294 -0.435 0.167
0.271 -0.433 0.296
0.261 -0.417 0.117
0.117 -0.185 0.178
0.248 0.121 0.277
0.245 0.138 0.278
0.244 0.125 0.280
0.317 0.114 0.279
0.316 0.128 0.257
0.346 0.117 0.292
0.365 0.124 0.254
0.328 0.133 0.161
0.269 0.139 0.276
0.331 0.120 0.221
0.305 0.138 0.263
0.300 0.131 0.225
0.304 0.141 0.156
0.312 0.134 0.189
0.290 0.120 0.290
0.286 0.130 0.285
0.303 0.122 0.294
0.302 0.121 0.312
0.245 0.116 0.289
0.312 0.117 0.259
0.303 0.133 0.080
