0.181 -0.123 0.071
0.312 0.183 0.169
0.308 0.183 0.171
0.308 0.183 0.172
0.375 0.169 0.172
0.380 0.188 0.150
0.390 0.179 0.185
0.408 0.186 0.147
0.389 0.197 0.054
0.333 0.188 0.169
0.394 0.182 0.114
0.368 0.181 0.155
0.364 0.158 0.117
0.369 0.167 0.048
0.375 0.159 0.082
0.353 0.179 0.182
0.355 0.195 0.177
0.367 0.183 0.186
0.366 0.183 0.204
0.311 0.176 0.181
-0.163 0.230 -0.354
0.363 0.187 0.139
0.399 0.178 0.023
0.376 0.179 0.151
0.367 0.183 -0.028
0.176 0.004 0.118
0.307 0.310 0.217
0.304 0.310 0.218
0.303 0.310 0.220
0.371 0.295 0.219
0.376 0.314 0.197
0.385 0.305 0.232
0.404 0.312 0.194
0.384 0.323 0.101
0.328 0.314 0.216
0.390 0.309 0.161
0.364 0.308 0.202
0.359 0.308 0.164
0.365 0.317 0.095
0.371 0.308 0.129
0.349 0.306 0.229
0.345 0.306 0.225
0.362 0.309 0.234
0.361 0.309 0.251
0.306 0.303 0.228
0.371 0.306 0.199
0.362 0.320 0.019
