0.078 -0.041 0.183
0.208 0.265 0.281
0.208 0.268 0.283
0.206 0.266 0.284
0.277 0.252 0.284
0.277 0.270 0.261
0.287 0.261 0.296
0.305 0.268 0.258
0.286 0.278 0.165
0.230 0.272 0.280
0.289 0.262 0.225
0.265 0.267 0.266
0.261 0.274 0.229
0.269 0.285 0.157
0.272 0.274 0.193
0.250 0.263 0.294
0.251 0.276 0.289
0.264 0.265 0.298
0.262 0.265 0.316
0.210 0.258 0.292
-0.266 0.313 -0.242
0.260 0.269 0.250
0.296 0.260 0.135
0.273 0.261 0.263
0.263 0.269 0.084
0.116 0.027 0.139
0.246 0.333 0.237
0.246 0.336 0.239
0.244 0.333 0.241
0.315 0.320 0.241
0.315 0.337 0.218
0.325 0.328 0.253
0.343 0.335 0.215
0.324 0.346 0.122
0.268 0.340 0.237
0.327 0.330 0.182
0.303 0.334 0.223
0.299 0.342 0.185
0.307 0.352 0.114
0.310 0.342 0.150
0.288 0.330 0.250
0.285 0.332 0.246
0.302 0.333 0.255
0.300 0.332 0.272
0.248 0.326 0.249
0.311 0.329 0.220
0.301 0.343 0.040
